%YAML:1.0

#camera calibration
model_type: PINHOLE
camera_name: camera
image_width: 848
image_height: 480

distortion_parameters:
   k1: 0
   k2: 0
   p1: 0
   p2: 0
projection_parameters:
   fx: 4.2109924316406250e+02
   fy: 4.2109924316406250e+02
   cx: 4.2748800659179688e+02
   cy: 2.3985305786132812e+02
